J=0.000007;
Cm=1.3;
Cw=3.15;
Lya=0.0015;
Rya=8;
Lob=0.013;